@Sonygps/ver1.0/wgs-84/gps-cs3.0
$GPGGA,175159,4343.6464,N,07936.5148,W,1,03,03.4,00035.1,M,-35.2,M,00,0000*47
$GPGSA,A,2,12,02,06,,,,,,,,,,03.5,03.4,01.0*04
$GPGSV,3,1,09,02,73,039,37,06,29,082,37,12,28,224,28,05,69,215,34*75
$GPGSV,3,2,09,25,31,272,24,29,29,312,37,09,20,047,29,19,10,136,00*7F
$GPGSV,3,3,09,13,06,164,00,,,,,,,,,,,,*47
$GPRMC,175159,A,4343.6464,N,07936.5148,W,003.3,161.1,250819,,,A*6F
$GPVTG,161.1,T,,M,003.3,N,006.2,K,N*01
$GPGGA,175213,4343.5593,N,07936.4561,W,1,04,05.5,00174.8,M,-35.2,M,00,0000*43
$GPGSA,A,3,12,02,06,05,,,,,,,,,06.7,05.5,03.8*0A
$GPGSV,3,1,09,02,73,039,35,05,69,215,34,06,28,082,45,12,28,224,30*7A
$GPGSV,3,2,09,25,31,272,33,29,29,312,40,09,20,047,30,19,10,136,31*73
$GPGSV,3,3,09,13,07,164,21,,,,,,,,,,,,*45
$GPRMC,175213,A,4343.5593,N,07936.4561,W,001.7,137.3,250819,,,A*61
$GPVTG,137.3,T,,M,001.7,N,003.3,K,A*0D
$GPGGA,175228,4343.5594,N,07936.4577,W,1,05,01.3,00172.0,M,-35.2,M,00,0000*46
$GPGSA,A,3,12,29,02,06,05,,,,,,,,02.4,01.3,02.0*0D
$GPGSV,3,1,09,02,73,040,41,05,69,215,35,25,31,272,38,29,30,312,42*78
$GPGSV,3,2,09,06,28,082,45,12,28,224,33,09,20,047,35,19,10,136,34*7F
$GPGSV,3,3,09,13,07,164,29,,,,,,,,,,,,*4D
$GPRMC,175228,A,4343.5594,N,07936.4577,W,000.7,156.7,250819,,,A*6B
$GPVTG,156.7,T,,M,000.7,N,001.4,K,A*0A
$GPGGA,175243,4343.5563,N,07936.4575,W,1,05,01.3,00168.7,M,-35.2,M,00,0000*4D
$GPGSA,A,3,12,29,02,06,05,,,,,,,,02.4,01.3,02.0*0D
$GPGSV,3,1,09,02,73,040,44,05,69,215,47,25,31,272,43,29,30,312,34*75
$GPGSV,3,2,09,06,28,082,44,12,28,224,41,09,20,047,30,19,10,136,34*7E
$GPGSV,3,3,09,13,07,164,30,,,,,,,,,,,,*45
$GPRMC,175243,A,4343.5563,N,07936.4575,W,000.0,109.6,250819,,,A*60
$GPVTG,109.6,T,,M,000.0,N,000.1,K,A*02